  0.975899  0.007389
  0.962444  0.010538
  0.946158  0.014271
  0.927134  0.018523
  0.905482  0.023225
  0.881329  0.028302
  0.854818  0.033674
  0.826106  0.039261
  0.795363  0.044980
  0.762775  0.050749
  0.728537  0.056485
  0.692857  0.062105
  0.655954  0.067528
  0.618054  0.072671
  0.579390  0.077453
  0.540202  0.081794
  0.500735  0.085616
  0.461237  0.088844
  0.421956  0.091409
  0.382971  0.093226
  0.344477  0.094090
  0.306946  0.093937
  0.270631  0.092757
  0.235775  0.090555
  0.202614  0.087359
  0.171370  0.083214
  0.142249  0.078185
  0.115442  0.072351
  0.091122  0.065804
  0.069441  0.058649
  0.050531  0.050991
  0.034503  0.042939
  0.021446  0.034597
  0.011430  0.026060
  0.004502  0.017409
  0.000689  0.008707
  0.000000  0.000000
  0.002393 -0.008400
  0.007810 -0.016187
  0.016200 -0.023345
  0.027497 -0.029853
  0.041618 -0.035689
  0.058462 -0.040834
  0.077919 -0.045270
  0.099861 -0.048986
  0.124152 -0.051979
  0.150644 -0.054257
  0.179182 -0.055839
  0.209600 -0.056757
  0.241726 -0.057055
  0.275379 -0.056788
  0.310370 -0.056023
  0.346506 -0.054833
  0.383584 -0.053296
  0.421610 -0.051461
  0.460304 -0.049254
  0.499265 -0.046727
  0.538257 -0.043947
  0.577045 -0.040982
  0.615392 -0.037889
  0.653063 -0.034725
  0.689826 -0.031536
  0.725454 -0.028365
  0.759724 -0.025249
  0.792422 -0.022219
  0.823342 -0.019304
  0.852288 -0.016531
  0.879077 -0.013923
  0.903535 -0.011506
  0.925506 -0.009302
  0.944849 -0.007334
  0.961435 -0.005624