  0.962781  0.015926
  0.946595  0.021472
  0.927676  0.027798
  0.906131  0.034802
  0.882080  0.042377
  0.855662  0.050409
  0.827027  0.058782
  0.796343  0.067379
  0.763791  0.076081
  0.729564  0.084768
  0.693868  0.093319
  0.656918  0.101612
  0.618941  0.109524
  0.580172  0.116931
  0.540851  0.123707
  0.501225  0.129730
  0.461548  0.134877
  0.422071  0.139032
  0.382767  0.142067
  0.343800  0.143731
  0.305805  0.143924
  0.269048  0.142605
  0.233792  0.139758
  0.200286  0.135397
  0.168766  0.129565
  0.139451  0.122332
  0.112539  0.113794
  0.088209  0.104068
  0.066615  0.093288
  0.047887  0.081599
  0.032131  0.069148
  0.019430  0.056081
  0.009840  0.042528
  0.003399  0.028607
  0.000121  0.014410
  0.000000  0.000000
  0.002961 -0.014102
  0.008912 -0.027386
  0.017790 -0.039813
  0.029514 -0.051336
  0.043989 -0.061898
  0.061106 -0.071442
  0.080745 -0.079909
  0.102774 -0.087249
  0.127055 -0.093422
  0.153443 -0.098405
  0.181786 -0.102191
  0.211929 -0.104796
  0.243709 -0.106258
  0.276961 -0.106637
  0.311512 -0.106010
  0.347183 -0.104474
  0.383788 -0.102137
  0.421495 -0.099085
  0.459993 -0.095287
  0.498775 -0.090841
  0.537609 -0.085861
  0.576263 -0.080460
  0.614504 -0.074743
  0.652099 -0.068809
  0.688816 -0.062750
  0.724426 -0.056649
  0.758707 -0.050581
  0.791442 -0.044618
  0.822421 -0.038826
  0.851445 -0.033265
  0.878326 -0.027998
  0.902886 -0.023083
  0.924964 -0.018577
  0.944412 -0.014536
  0.961099 -0.011012
  0.974911 -0.008054